187,333
-1.9169921875, -4.82421875,-3.58924278846154,257.775387433926
-1.6328125, -5.32421875,14.6274038461538,289.827285559827
-1.3154296875, -4.25390625,34.9724559294872,221.21619113407
-2.08203125, -5.09765625,-14.1686698717949,275.303769221528
-1.6728515625, -7.2421875,12.060797275641,412.77636352715
-1.9248046875, -6.125,-4.09004407051282,341.16040365209
-1.314453125, -6.1484375,35.0350560897436,342.662836376742
-1.7431640625, -5.51953125,7.55358573717948,302.347558265257
93,333
-1.408203125, -4.58203125,29.0254407051282,242.250249279193
-0.480712890625, -4.65234375,88.4799429086538,246.757547453148
1.70703125, -4.88671875,228.719951923077,261.781874699664
0.42529296875, -7.07421875,146.557241586538,402.008929000481
0.8447265625, -5.28125,173.444010416667,287.072825564632
0.43896484375, -7.20703125,147.433643830128,410.522714440173
-1.8720703125, -6.09765625,-0.70963541666667,339.40756547333
0.7373046875, -6.9140625,166.557992788462,391.742305382028
187,500
-0.1146240234375, -5.73828125,111.947177984776,316.370263695339
0.5380859375, -5.68359375,153.787560096154,312.864587337818
-1.8046875, -6.8125,3.60977564102564,385.231763575204
-1.0078125, -6.05859375,54.6915064102564,336.903510932244
-0.64208984375, -8.8203125,78.1352664262821,513.940166987025
-1.7841796875, -8.984375,4.92437900641025,524.457196059587
-1.734375, -7.8203125,8.11698717948718,449.836370735223
281,333
-3.197265625, -2.396484375,-85.6580528846154,102.14839770543
-2.080078125, -2.716796875,-14.0434695512821,122.681644942335
-2.525390625, -4.15625,-42.5891426282051,214.956054781355
-4.04296875, -4.08984375,-139.869791666667,210.699162061509
-3.158203125, -4.984375,-83.154046474359,268.042011052379
-3.646484375, -4.703125,-114.454126602564,250.012818356559
-3.763671875, -1.9794921875,-121.966145833333,75.4176154793369
-4.19921875, -2.966796875,-149.885817307692,138.707594005286
187,166
-1.49609375, -7.7265625,23.3914262820513,443.826639836617
-0.85693359375, -5.4921875,64.3632311698718,300.594720086497
-1.71875, -7.296875,9.11858974358974,416.282039884671
-2.072265625, -4.15625,-13.5426682692308,214.956054781355
-2.23828125, -5.0234375,-24.1846955128205,270.546065593465
-0.91748046875, -2.6796875,60.4820212339744,120.302793128304
-2.45703125, -5.609375,-38.2071314102564,308.106883709755
281,166
-1.158203125, -6.640625,45.0510817307692,374.213923594426
-0.483154296875, -7.8125,88.3234425080128,449.335559827006
-2.490234375, -3.865234375,-40.3355368589744,196.300848450264
-5.67578125, -3.44921875,-244.537259615385,169.632667587698
-2.6328125, -3.26953125,-49.4751602564103,158.114016698703
-2.328125, -3.890625,-29.9439102564103,197.92848390197
-3.66796875, -3.6484375,-115.831330128205,182.403345747237
93,166
0.017242431640625, -2.9453125,120.400155874399,137.330364007689
-1.94921875, -4.796875,-5.65504807692308,256.022549255166
-0.98388671875, -5.0390625,56.2252103365385,271.547687409899
0.83544921875, -5.47265625,172.849308894231,299.342692815954
-1.892578125, -4.375,-2.02423878205129,228.978760211437
1.1103515625, -3.95703125,190.47125400641,202.185376621816
0.65283203125, -3.048828125,161.143078926282,143.966108541567
1.9384765625, -3.798828125,243.556189903846,192.043955730418
0.02606201171875, -4.83984375,120.965513571715,258.77700925036
-2.080078125, -4.359375,-14.0434695512821,227.977138395002
93,500
1.125, -6.4453125,191.410256410256,361.693650888996
1.62109375, -5.89453125,223.211137820513,326.386481859683
-3.330078125, -6.2109375,-94.1716746794872,346.66932364248
-0.6748046875, -8.375,76.0381610576923,485.393945218645
-0.377197265625, -9.984375,95.1155598958333,588.560992311389
-0.144775390625, -8.8125,110.014398036859,513.439356078808
-0.9697265625, -8.25,57.1329126602564,477.38097068717
281,500
-5.765625, -5.7109375,-250.296474358974,314.617425516579
-2.291015625, -7.14453125,-27.5651041666667,406.516227174435
-3.345703125, -7.328125,-95.1732772435897,418.28528351754
-1.013671875, -5.6171875,54.3159054487179,308.607694617972
-2.6171875, -5.22265625,-48.4735576923077,283.316743753003
-0.68359375, -6.765625,75.4747596153846,382.226898125901
-1.9970703125, -6.125,-8.72245592948718,341.16040365209
