187,333
-1.2548828125, 0.060821533203125,38.8536658653846,-55.3742395623724
-1.7236328125, 0.234130859375,8.80558894230769,-66.4840252958313
-1.9765625, -0.7216796875,-7.40785256410257,-5.21294074363286
-1.361328125, -1.35546875,32.0302483974359,35.4153441854877
-2.3359375, -0.943359375,-30.4447115384615,8.99756877703028
-1.80078125, -1.4404296875,3.86017628205128,40.8616628123498
93,333
-1.01171875, -0.1875,54.4411057692308,-39.4558865929841
-1.6396484375, 0.362548828125,14.189202724359,-74.7161045996516
-1.2490234375, 0.60986328125,39.2292668269231,-90.5698999129025
-0.76611328125, -0.78076171875,70.1850460737179,-1.42555825024027
-0.423583984375, -0.95947265625,92.1420522836538,10.0304912752283
-0.00253486633300781, -1.5126953125,119.132380363269,45.494163713359
-0.39697265625, -1.193359375,93.847906650641,25.0235178399808
-0.42041015625, -0.54443359375,92.3455028044872,-16.5750882238107
187,500
-2.0, -0.498046875,-8.91025641025641,-19.5486529913503
-1.76953125, -0.8798828125,5.86338141025641,4.9284801477655
-1.228515625, -1.6513671875,40.5438701923077,54.3835573342143
-2.38671875, -2.431640625,-33.6999198717949,104.402046792408
-1.4951171875, -2.271484375,23.4540264423077,94.1354231739548
-2.10546875, -3.22265625,-15.6710737179487,155.109151249399
-1.826171875, -1.7373046875,2.23257211538461,59.8924773246036
-1.9423828125, -2.28125,-5.21684695512821,94.7614368092263
281,333
-2.26171875, 0.07452392578125,-25.6870993589744,-56.2526149443627
-2.326171875, -0.373291015625,-29.8187099358974,-27.5459771819438
-2.3203125, -0.5966796875,-29.443108974359,-13.2259152751081
-2.318359375, -0.60009765625,-29.3179086538462,-13.0068105027631
-2.873046875, -1.17578125,-64.8747996794872,23.8966932964921
-1.7978515625, -1.521484375,4.04797676282051,46.0575759851033
-1.765625, -1.0439453125,6.11378205128205,15.4455092203268
-3.12109375, -0.440673828125,-80.7752403846154,-23.2264830985704
187,166
-0.88427734375, -1.572265625,62.6104266826923,49.3128468885151
-0.495849609375, -1.9013671875,87.5096404246795,70.4095063971648
-1.833984375, 0.031951904296875,1.73177083333333,-53.523586753101
-1.0419921875, 0.0369873046875,52.5005008012821,-53.8463750337878
-1.482421875, 0.431396484375,24.267828525641,-79.1295007283157
-1.771484375, -0.00611495971679688,5.73818108974359,-51.0833562584235
-2.01171875, 0.310302734375,-9.66145833333334,-71.3669316509491
-2.095703125, 0.319580078125,-15.0450721153846,-71.961644604457
281,166
-2.142578125, -0.86474609375,-18.0498798076923,3.95815901309467
-2.1171875, -0.431396484375,-16.4222756410256,-23.8211960520783
-2.298828125, -0.56201171875,-28.065905448718,-15.448263680322
-2.712890625, 0.2132568359375,-54.6083733974359,-65.1459211504385
-2.712890625, 0.37353515625,-54.6083733974359,-75.420369939332
-2.03125, -0.11688232421875,-10.9134615384615,-43.9827476930412
-2.220703125, -0.0255126953125,-23.0578926282051,-49.8398877680502
93,166
-5.8828125, -0.6103515625,-257.808493589744,-12.349496185728
-0.6708984375, -0.412841796875,76.2885616987179,-25.0106219590942
-1.4208984375, -0.205322265625,28.2116386217949,-38.3134117086136
-0.53271484375, -0.1488037109375,85.146484375,-41.9364656227475
-0.03778076171875, -0.298095703125,116.873028094952,-32.3662821735344
0.07867431640625, -0.5302734375,124.338097205529,-17.4828079949543
-4.85546875, 0.051971435546875,-191.953125,-54.8069147054076
93,500
-0.04815673828125, -1.3486328125,116.207901392228,34.9771346407977
-0.8330078125, -0.74365234375,65.8969350961538,-3.80441006427198
-0.533203125, -1.39453125,85.1151842948718,37.9193987265738
-0.357421875, -1.26953125,96.3832131410256,29.9064241950985
-0.26220703125, -1.12109375,102.486728766026,20.3910169389716
-0.37744140625, -1.1787109375,95.0999098557692,24.0844973870735
-0.8486328125, -1.6259765625,64.8953325320513,52.7559218825084
281,500
-1.845703125, -0.79736328125,0.980568910256407,-0.361335070278708
-1.845703125, -1.4619140625,0.980568910256407,42.2388928099471
-3.0859375, -1.392578125,-78.5216346153846,37.7941959995195
-2.396484375, -1.0107421875,-34.325921474359,13.3170628604037
-3.0625, -1.609375,-77.0192307692308,51.6916987025469
-2.34765625, -1.3388671875,-31.1959134615385,34.3511210055262
-2.748046875, -0.6396484375,-56.8619791666667,-10.4714552799135