187,333
-0.9365234375, -3.08984375,59.2613181089744,146.595365809707
-1.7900390625, -2.8046875,4.54877804487179,128.315767659779
-1.955078125, -2.794921875,-6.03064903846154,127.689754024507
-3.04296875, -2.458984375,-75.7672275641026,106.154884971168
-0.55859375, -2.1015625,83.4875801282051,83.2427859202307
-1.0732421875, -6.48828125,50.4972956730769,364.44811088419
93,333
-0.1275634765625, -2.4140625,111.117725861378,103.275222248919
-0.470947265625, -1.2314453125,89.1059445112179,27.4649710175396
-1.1259765625, -3.9453125,47.1168870192308,201.434160259491
-0.1495361328125, -2.697265625,109.709222255609,121.429617671792
-1.470703125, -3.7421875,25.0190304487179,188.413076645843
-0.7265625, -5.984375,72.7203525641026,332.145807304181
0.218994140625, -5.25,133.332957732372,285.069581931764
187,500
-0.58251953125, -2.310546875,81.9538762019231,96.6394777150408
-1.8447265625, -4.21875,1.04316907051282,218.962542047093
-0.65234375, -5.078125,77.4779647435897,274.051741950985
-0.36865234375, -4.9765625,95.6633112980769,267.541200144161
-1.2236328125, -4.62890625,40.8568709935897,245.255114728496
-1.4521484375, -3.431640625,26.2084334935897,168.50584304421
-3.224609375, -3.595703125,-87.4108573717949,179.022872116771
-1.9189453125, -2.6875,-3.71444310897436,120.803604036521
281,333
-3.48046875, -1.6318359375,-103.812099358974,53.1315300636713
-3.087890625, -2.41796875,-78.6468349358974,103.525627703027
-2.712890625, -1.6728515625,-54.6083733974359,55.7607873318116
-3.046875, -3.533203125,-76.0176282051282,175.016384851033
-1.7578125, -3.947265625,6.61458333333333,201.559362986545
-2.306640625, -3.404296875,-28.5667067307692,166.753004865449
-1.8125, -4.1875,3.10897435897436,216.959298414224
-2.58984375, -3.904296875,-46.7207532051282,198.80490299135
187,166
0.38623046875, -3.322265625,144.053235176282,161.494490329169
1.2119140625, -6.453125,196.981670673077,362.194461797213
-2.09765625, -2.115234375,-15.1702724358974,84.1192050096108
-1.2392578125, -1.3955078125,39.8552684294872,37.9820000901009
-1.2109375, -2.748046875,41.6706730769231,124.684888575204
-1.28125, -1.4365234375,37.1634615384615,40.6112573582412
-2.828125, -3.091796875,-61.9951923076923,146.720568536761
-2.341796875, -1.9697265625,-30.8203125,74.7916018440654
281,166
-2.0390625, -4.12109375,-11.4142628205128,212.702405694378
-3.16796875, -2.9609375,-83.7800480769231,138.331985824123
-3.58984375, -2.61328125,-110.823317307692,116.045900408457
-3.69921875, -2.40625,-117.83453525641,102.774411340702
-3.693359375, -1.8759765625,-117.458934294872,68.7818709454589
-2.5703125, -1.828125,-45.46875,65.7144041326286
93,166
0.83935546875, -0.66748046875,173.099709535256,-8.68731641938971
0.412841796875, -0.6728515625,145.759089543269,-8.34300891999039
-0.1517333984375, -0.72998046875,109.568371895032,-4.68082915365209
0.1031494140625, -2.306640625,125.907013721955,96.3890722609322
-0.06060791015625, -2.228515625,115.409749348958,91.3809631787602
93,500
-0.0145263671875, -3.234375,118.363694411058,155.860367611725
-0.07623291015625, -3.498046875,114.408146784856,172.762735764056
-0.1722412109375, -4.43359375,108.253768529647,232.734842023066
-0.2315673828125, -4.265625,104.450808794071,221.967407496396
0.69091796875, -3.42578125,163.584485176282,168.130234863047
0.03741455078125, -3.65234375,121.693240434696,182.653751201346
0.890625, -4.21875,176.386217948718,218.962542047093
281,500
-1.91796875, -5.0234375,-3.65184294871795,270.546065593465
-2.53125, -4.28125,-42.9647435897436,222.96902931283
-1.4638671875, -6.3671875,25.4572315705128,356.685541806824
-1.4755859375, -4.625,24.7060296474359,245.004709274387
-1.232421875, -4.4296875,40.2934695512821,232.484436568957
-0.91650390625, -5.08984375,60.5446213942308,274.802958313311
-1.9052734375, -7.484375,-2.83804086538462,428.301501681884