187,333
1.0400390625, -3.326171875,185.964042467949,161.744895783277
0.64501953125, -3.51171875,160.642277644231,173.639154853436
-0.1290283203125, -4.41015625,111.023825620994,231.232409298414
-0.36181640625, -5.69921875,96.1015124198718,313.866209154253
0.5859375, -5.59375,156.854967948718,307.105261893321
0.11419677734375, -4.125,126.615178034856,212.952811148486
0.082275390625, -3.0390625,124.568935296474,143.340094906295
-0.1588134765625, -3.06640625,109.114520733173,145.092933085055
93,333
0.480712890625, -5.4140625,150.10980068109,295.586611004325
-0.68359375, -4.9140625,75.4747596153846,263.534712878424
0.5419921875, -4.16015625,154.037960737179,215.206460235464
0.16943359375, -5.30078125,130.155999599359,288.324852835175
-0.51953125, -5.984375,85.9915865384615,332.145807304181
1.798828125, -5.95703125,234.604366987179,330.39296912542
0.00739288330078125, -5.26953125,119.768774570563,286.321609202307
187,500
1.5849609375, -4.28125,220.894931891026,222.96902931283
0.399658203125, -4.25,144.913987379808,220.965785679962
1.4208984375, -3.388671875,210.378104967949,165.751383049015
0.486328125, -5.046875,150.469751602564,272.048498318116
1.1044921875, -3.55859375,190.095653044872,176.644020302739
0.5517578125, -3.474609375,154.663962339744,171.260303039404
-0.85888671875, -4.35546875,64.238030849359,227.726732940894
281,333
-0.99462890625, -2.232421875,55.5366085737179,91.6313686328688
-0.72509765625, -3.388671875,72.8142528044872,165.751383049015
-0.53173828125, -3.28515625,85.2090845352564,159.115638515137
0.6669921875, -3.896484375,162.05078125,198.304092083133
0.270263671875, -3.578125,136.619466145833,177.896047573282
-1.1748046875, -4.7265625,43.9868790064103,251.515251081211
0.265869140625, -4.61328125,136.337765424679,244.253492912061
187,166
-0.31298828125, -5.30078125,99.2315204326923,288.324852835175
2.033203125, -3.443359375,249.628405448718,169.257059406535
0.7216796875, -4.1484375,165.556390224359,214.455243873138
1.21484375, -2.427734375,197.169471153846,104.151641338299
1.486328125, -2.666015625,214.572315705128,119.426374038924
1.0107421875, -2.0078125,184.086037660256,77.2330550216242
0.48828125, -4.21484375,150.594951923077,218.712136592984
281,166
0.88037109375, -4.5078125,175.728916266026,237.492545651129
0.1787109375, -3.537109375,130.750701121795,175.266790305142
-0.456787109375, -5.2734375,90.0136468349359,286.572014656415
0.5703125, -3.7890625,155.853365384615,191.417942095147
-0.240478515625, -3.630859375,103.879582331731,181.276521203748
-0.2587890625, -4.5703125,102.705829326923,241.499032916867
0.415771484375, -4.05078125,145.946890024038,208.195107520423
-0.1256103515625, -3.701171875,111.242926181891,185.783819377703
93,166
3.060546875, -2.560546875,315.483774038462,112.665426777991
-0.2314453125, -2.912109375,104.458633814103,135.201917647765
-4.6484375, -5.40625,-178.681891025641,295.085800096108
-2.912109375, -2.322265625,-67.3788060897436,97.3906940773666
-1.4248046875, -4.3515625,27.9612379807692,227.476327486785
1.0869140625, -3.75,188.968850160256,188.913887554061
-0.93603515625, -6.7734375,59.2926181891026,382.727709034118
0.2481689453125, -3.869140625,135.203137520032,196.551253904373
0.1746826171875, -2.1171875,130.492475460737,84.2444077366651
-0.80029296875, -4.62109375,67.9940404647436,244.754303820279
0.497314453125, -3.580078125,151.174003405449,178.021250300336
93,500
0.128173828125, -4.0546875,127.511142828526,208.445512974531
1.2548828125, -5.08203125,199.736077724359,274.302147405094
-0.4423828125, -4.75390625,90.9369991987179,253.268089259971
0.7880859375, -5.78515625,169.813201121795,319.375129144642
0.403076171875, -6.16796875,145.133087940705,343.914863647285
0.7412109375, -3.490234375,166.808393429487,172.261924855839
0.2481689453125, -4.56640625,135.203137520032,241.248627462758
281,500
-0.1851806640625, -3.150390625,107.42431640625,150.47665034839
0.259765625, -4.1015625,135.946514423077,211.450378423835
0.12286376953125, -3.966796875,127.170754457131,202.811390257088
-0.3203125, -6.203125,98.7620192307692,346.168512734262
-1.5703125, -4.92578125,18.6338141025641,264.28592924075
-1.5830078125, -6.015625,17.8200120192308,334.149050937049
-1.46484375, -4.58984375,25.3946314102564,242.75106018741
0.327392578125, -4.671875,140.281575520833,248.009574723691